<?xml version="1.0"?>
<opencv_storage>
<param_vec type_id="opencv-matrix">
  <rows>1</rows>
  <cols>21</cols>
  <dt>d</dt>
  <data>
    2.0932817232030514e+00 2.0361503741363736e+00 2.0732166553957398e+00
    1.1326729833607212e+00 1.0949973484042888e+00 1.0880040301489720e+00
    3.2362292091106396e-03 4.0608294270498314e-03 3.9969890537646640e-03
    -6.4044758862119543e-03 -7.0191813390455063e-03
    -8.0652060516802036e-03 6.5869339305550123e-01
    2.3023842045065368e-01 2.3397792278828322e-02 1.0914150813254470e-01
    6.2270724099435437e-01 6.5869298759857003e-02 1.9692512392046349e-02
    1.7063070537831837e-01 4.8690378205848628e-01</data></param_vec>
</opencv_storage>
