<?xml version="1.0"?>
<opencv_storage>
<param_vec type_id="opencv-matrix">
  <rows>1</rows>
  <cols>21</cols>
  <dt>d</dt>
  <data>
    2.3043256597407105e+00 2.2548988391016254e+00 2.1196082676886343e+00
    1.1251380040419563e+00 1.1501453905606542e+00 1.0644008850647564e+00
    -7.8446062504515524e-03 -7.4949654230042056e-03
    -8.7372921704547898e-03 -9.7356893739561270e-03
    -7.1241259841575665e-03 -1.3066767834009717e-02
    7.4948929175449264e-01 2.4987790195221210e-01 2.7020324711505339e-02
    1.1505326543425304e-01 6.4819059066971640e-01 6.6869601834948805e-02
    2.3028597709140126e-02 1.7182540339489116e-01 5.6876307852736541e-01</data></param_vec>
<matPCA>
  <matPCA0 type_id="opencv-matrix">
    <rows>3</rows>
    <cols>3</cols>
    <dt>d</dt>
    <data>
      4.8453224253854760e-01 2.3780460771320618e-02
      5.2065700030552685e-03 -1.0222252972125491e-02
      5.6564252568014062e-01 8.2097373892477433e-03
      -3.9936906974594585e-03 -1.2725804806953773e-02
      6.6658430110516820e-01</data></matPCA0>
  <matPCA1 type_id="opencv-matrix">
    <rows>3</rows>
    <cols>3</cols>
    <dt>d</dt>
    <data>
      -7.7130734302931347e-01 1.5447471566488877e-01
      3.8191324689031442e-02 -1.0301612318017296e-01
      -5.1618730462170810e-02 6.2715270146484231e-02
      -2.3622507456511063e-02 -9.3378333115366377e-02
      5.9437060113596440e-01</data></matPCA1>
  <matPCA2 type_id="opencv-matrix">
    <rows>3</rows>
    <cols>3</cols>
    <dt>d</dt>
    <data>
      3.2083713485631066e-01 -2.9958772142011231e-01
      4.0640854439800846e-02 1.3445721325972579e-01
      -7.4057876337416340e-01 8.0714295071794076e-02
      3.3194645348305650e-02 -2.6469040234363833e-01
      4.0180307746699978e-01</data></matPCA2></matPCA>
<matJD type_id="opencv-matrix">
  <rows>3</rows>
  <cols>3</cols>
  <dt>d</dt>
  <data>
    3.9288610726761271e-02 -1.5699885038023889e-01
    1.4332386109624198e+00 9.5984771637022792e-02
    -6.1048407812594219e-01 1.9938503237519184e-01
    1.1773793107534289e+00 -1.1495751883273206e-01
    3.6016520327208430e-02</data></matJD>
</opencv_storage>
