<?xml version="1.0"?>
<opencv_storage>
<param_vec type_id="opencv-matrix">
  <rows>1</rows>
  <cols>21</cols>
  <dt>d</dt>
  <data>
    2.2694351057571849e+00 2.1309667240980756e+00 2.0610383657494813e+00
    1.1224372145321322e+00 1.1157575960297379e+00 1.0426854356423627e+00
    -1.4183425985155217e-02 -1.5792017734746561e-02
    -1.3428804273082115e-02 -9.9226300647327834e-03
    -9.1929872984241844e-03 -1.5002957091442864e-02
    8.1669889821327191e-01 2.7329622551754762e-01 3.0336462761372834e-02
    1.5475984696549999e-01 8.5057417377702937e-01 8.8177391967365709e-02
    3.9163426472257720e-02 2.7097957862392608e-01 8.8563559416093174e-01</data></param_vec>
<matPCA>
  <matPCA0 type_id="opencv-matrix">
    <rows>3</rows>
    <cols>3</cols>
    <dt>d</dt>
    <data>
      4.8628516619948253e-01 2.1282730344005497e-02
      2.6953079565221719e-03 -1.3000017308609484e-02
      5.7547168706063156e-01 5.7727834347035822e-03
      -3.7783531999378435e-03 -1.1556724316745705e-02
      6.5692366064985941e-01</data></matPCA0>
  <matPCA1 type_id="opencv-matrix">
    <rows>3</rows>
    <cols>3</cols>
    <dt>d</dt>
    <data>
      -7.9254667048997096e-01 1.4440070252705603e-01
      2.5040357776157107e-02 -1.4140295109758552e-01
      1.2870961509453827e-02 4.8947107984093116e-02
      -4.0760095963597684e-02 -7.7800643716107162e-02
      5.6579200373680016e-01</data></matPCA1>
  <matPCA2 type_id="opencv-matrix">
    <rows>3</rows>
    <cols>3</cols>
    <dt>d</dt>
    <data>
      2.7042367235604875e-01 -2.3294988215087445e-01
      3.0347644338780858e-02 1.5857022643248619e-01
      -7.3252414763111118e-01 7.3941636884515494e-02
      4.7563588380742594e-02 -3.2133833890242908e-01
      4.4604963635398942e-01</data></matPCA2></matPCA>
<matJD type_id="opencv-matrix">
  <rows>3</rows>
  <cols>3</cols>
  <dt>d</dt>
  <data>
    3.4314839833506333e-02 -1.3065662470486331e-01
    1.1120457060959992e+00 1.0545643756142288e-01
    -6.2063498887331436e-01 1.9152942412146629e-01
    1.4854106672159326e+00 -1.3919447441724128e-01
    3.8733777928513777e-02</data></matJD>
</opencv_storage>
