<?xml version="1.0"?>
<opencv_storage>
<param_vec type_id="opencv-matrix">
  <rows>1</rows>
  <cols>21</cols>
  <dt>d</dt>
  <data>
    2.0448435699839722e+00 1.9146199519519129e+00 1.8257733148051214e+00
    1.0595554935590077e+00 1.1017759462249148e+00 9.9834973880969446e-01
    -1.1106076478580675e-02 -1.0300966712489215e-02
    -1.0587285188281559e-02 -1.3429786395821689e-02
    -9.1384645600873365e-03 -1.5906708810329500e-02
    3.3986563736220671e-01 1.2210097578165729e-01 1.1696643665507224e-02
    5.1604146440102715e-02 3.0190311092215694e-01 2.8545272232188772e-02
    9.3018591461640193e-03 8.5501938248170789e-02 2.7041358746076727e-01</data></param_vec>
<matPCA>
  <matPCA0 type_id="opencv-matrix">
    <rows>3</rows>
    <cols>3</cols>
    <dt>d</dt>
    <data>
      4.9073135252862476e-01 2.0252855068126054e-02
      3.7999418840925368e-03 -1.0799591887009687e-02
      5.6631051920879560e-01 8.2804047155025911e-03
      -6.4090085833602498e-03 -1.0102297486851552e-02
      6.6160576606423616e-01</data></matPCA0>
  <matPCA1 type_id="opencv-matrix">
    <rows>3</rows>
    <cols>3</cols>
    <dt>d</dt>
    <data>
      -7.8741643097479752e-01 1.9214676759992799e-01
      2.7995607296310735e-02 -1.1359883682892181e-01
      1.0558690048319665e-02 5.4778563154574876e-02
      -2.8953069702578788e-02 -7.9115762448544125e-02
      5.6493961902596712e-01</data></matPCA1>
  <matPCA2 type_id="opencv-matrix">
    <rows>3</rows>
    <cols>3</cols>
    <dt>d</dt>
    <data>
      2.5203438796528760e-01 -3.0631389623178801e-01
      4.0735841689452781e-02 1.2175017440528949e-01
      -7.3037350471523055e-01 7.6402836664143658e-02
      3.2602728176606463e-02 -2.9753531019331886e-01
      4.4417890759880563e-01</data></matPCA2></matPCA>
<matJD type_id="opencv-matrix">
  <rows>3</rows>
  <cols>3</cols>
  <dt>d</dt>
  <data>
    4.1271476828234593e-02 -1.7215456400005610e-01
    1.3541436223526178e+00 9.6834086396389060e-02
    -6.1859301245651155e-01 1.9071361094753603e-01
    1.2358974946036496e+00 -1.2811258302291556e-01
    4.6305546410180844e-02</data></matJD>
</opencv_storage>
