<?xml version="1.0"?>
<opencv_storage>
<param_vec type_id="opencv-matrix">
  <rows>1</rows>
  <cols>21</cols>
  <dt>d</dt>
  <data>
    2.1986643531914303e+00 2.0576460002017232e+00 1.9286099961110184e+00
    1.1504953075702264e+00 1.1062182205274935e+00 1.0884546209259298e+00
    -2.2714694809188377e-02 -2.6323916028244864e-02
    -3.6926117417387064e-02 -1.0106444428525338e-02
    -1.1946267679950121e-02 -1.5498125503517861e-02
    6.0255424672735314e-01 2.1145870312898879e-01 2.3477616141524292e-02
    1.2024167952873979e-01 6.3994807570465628e-01 7.0465405892106911e-02
    2.5807961288368826e-02 1.9254321799551849e-01 6.4025970139781130e-01</data></param_vec>
<matPCA>
  <matPCA0 type_id="opencv-matrix">
    <rows>3</rows>
    <cols>3</cols>
    <dt>d</dt>
    <data>
      4.8274623408684275e-01 1.8082613395483692e-02
      -1.2729783880953633e-04 -1.7851531016141734e-02
      5.7743132759468074e-01 3.4222843249431972e-03
      -7.6234803012385187e-03 -1.7744866103279078e-02
      6.5764637257474301e-01</data></matPCA0>
  <matPCA1 type_id="opencv-matrix">
    <rows>3</rows>
    <cols>3</cols>
    <dt>d</dt>
    <data>
      -7.9162440653604482e-01 1.3919430214200018e-01
      2.6288098234444644e-02 -1.4382309608347321e-01
      4.5042483806794261e-03 5.3204062119880192e-02
      -3.4052997515710504e-02 -8.8375313351304163e-02
      5.6635574952723788e-01</data></matPCA1>
  <matPCA2 type_id="opencv-matrix">
    <rows>3</rows>
    <cols>3</cols>
    <dt>d</dt>
    <data>
      2.7969947377281512e-01 -2.3964328604891857e-01
      3.2401609585680759e-02 1.6297671531969354e-01
      -7.3606920424614863e-01 8.0663168652679335e-02
      4.4085661902305374e-02 -2.9887310522790655e-01
      4.4402131362375163e-01</data></matPCA2></matPCA>
<matJD type_id="opencv-matrix">
  <rows>3</rows>
  <cols>3</cols>
  <dt>d</dt>
  <data>
    2.7243440006998965e-02 -1.4299680657463057e-01
    1.1299809049752692e+00 9.8173288071414413e-02
    -6.9506717293471054e-01 2.0292559882544492e-01
    1.3086676795812744e+00 -1.5378078294723868e-01
    4.0115387581053638e-02</data></matJD>
</opencv_storage>
